====================================================================
CodeBERT
====================================================================
              precision    recall  f1-score   support

      CWE114     0.9955    0.9955    0.9955       444
      CWE121     1.0000    0.9971    0.9986      2780
      CWE122     0.9901    0.9994    0.9948      3614
      CWE124     0.9987    0.9962    0.9975      1598
      CWE126     1.0000    0.9916    0.9958       950
      CWE127     0.9913    0.9987    0.9950      1598
      CWE134     0.9985    0.9985    0.9985      1368
      CWE190     1.0000    0.9994    0.9997      3104
      CWE191     1.0000    0.9977    0.9988      1736
      CWE194     1.0000    1.0000    1.0000       740
      CWE195     0.9711    1.0000    0.9854       740
      CWE197     1.0000    0.9865    0.9932       296
       CWE23     1.0000    1.0000    1.0000      1254
      CWE244     1.0000    1.0000    1.0000        36
      CWE252     1.0000    1.0000    1.0000       144
      CWE253     1.0000    1.0000    1.0000       180
      CWE272     1.0000    1.0000    1.0000       216
      CWE284     1.0000    1.0000    1.0000        72
      CWE319     1.0000    1.0000    1.0000       152
      CWE325     1.0000    1.0000    1.0000        72
      CWE327     1.0000    1.0000    1.0000        36
       CWE36     1.0000    1.0000    1.0000      1254
      CWE369     1.0000    0.9956    0.9978       456
      CWE377     1.0000    1.0000    1.0000       108
      CWE390     1.0000    1.0000    1.0000        36
      CWE396     1.0000    1.0000    1.0000        36
      CWE398     1.0000    1.0000    1.0000        38
      CWE400     1.0000    1.0000    1.0000       304
      CWE401     1.0000    1.0000    1.0000       626
      CWE404     1.0000    1.0000    1.0000       148
      CWE415     1.0000    1.0000    1.0000       964
      CWE416     1.0000    0.9082    0.9519       392
      CWE440     1.0000    1.0000    1.0000         2
      CWE457     1.0000    1.0000    1.0000       472
      CWE468     1.0000    1.0000    1.0000        36
      CWE476     1.0000    1.0000    1.0000        72
      CWE483     1.0000    1.0000    1.0000         2
      CWE506     1.0000    1.0000    1.0000        72
      CWE546     1.0000    1.0000    1.0000        36
      CWE562     1.0000    1.0000    1.0000         2
      CWE563     1.0000    1.0000    1.0000        78
      CWE570     1.0000    1.0000    1.0000         8
      CWE571     1.0000    1.0000    1.0000        12
      CWE590     1.0000    1.0000    1.0000      1200
      CWE674     1.0000    1.0000    1.0000         2
      CWE675     1.0000    1.0000    1.0000       456
      CWE680     1.0000    1.0000    1.0000       228
      CWE690     1.0000    1.0000    1.0000       592
      CWE758     1.0000    1.0000    1.0000       362
      CWE762     1.0000    1.0000    1.0000      1872
      CWE773     1.0000    1.0000    1.0000       296
      CWE775     1.0000    1.0000    1.0000       148
       CWE78     1.0000    1.0000    1.0000      2960
      CWE789     1.0000    1.0000    1.0000       884
      CWE835     1.0000    1.0000    1.0000         2
       CWE90     1.0000    1.0000    1.0000       444

    accuracy                         0.9978     35730
   macro avg     0.9990    0.9976    0.9983     35730
weighted avg     0.9978    0.9978    0.9978     35730


